# /gazebo/link_states/recceipt_time, /filter_error/data
16936.686000000001513, 0.1164553910493850708
16936.891999999999825, 0.11644693464040756226
16937.11200000000099, 0.1161373332142829895
16937.294000000001688, 0.10169070959091186523
16937.486999999997352, 0.070607006549835205078
16937.704000000001543, 0.069847434759140014648
16937.897000000000844, 0.064382344484329223633
16938.093000000000757, 0.057836018502712249756
16938.296999999998661, 0.080035991966724395752
16938.496000000002823, 0.083012089133262634277
16938.688999999998487, 0.063474781811237335205
16938.887000000002445, 0.064939260482788085938
16939.100000000002183, 0.05547490343451499939
16939.295000000001892, 0.032832175493240356445
16939.502000000000407, 0.023178603500127792358
16939.693999999999505, 0.041931401938199996948
16939.897000000000844, 0.015720264986157417297
16940.092000000000553, 0.01205022912472486496
16940.292999999997846, 0.016325891017913818359
16940.493999999998778, 0.037383370101451873779
16940.68999999999869, 0.026611359789967536926
16940.891999999999825, 0.028240390121936798096
16941.100999999998749, 0.025205299258232116699
16941.29399999999805, 0.026826735585927963257
16941.493999999998778, 0.026600353419780731201
16941.69800000000032, 0.038615748286247253418
16941.893000000000029, 0.065643228590488433838
16942.088999999999942, 0.054998181760311126709
16942.302000000003318, 0.069884680211544036865
16942.497999999999593, 0.07983433455228805542
16942.687999999998283, 0.063083864748477935791
16942.893000000000029, 0.065599560737609863281
16943.092000000000553, 0.06900069117546081543
16943.290000000000873, 0.064597524702548980713
16943.489000000001397, 0.074106551706790924072
16943.690999999998894, 0.042846765369176864624
16943.899000000001251, 0.070229604840278625488
16944.097999999998137, 0.075836263597011566162
16944.294000000001688, 0.060808159410953521729
16944.491000000001804, 0.049734026193618774414
16944.695999999999913, 0.047820806503295898438
16944.891999999999825, 0.050165630877017974854
16945.086999999999534, 0.043599139899015426636
16945.30199999999968, 0.023227792233228683472
16945.488000000001193, 0.023426465690135955811
16945.691999999999098, 0.034535463899374008179
16945.891999999999825, 0.030205035582184791565
16946.091000000000349, 0.031738370656967163086
16946.292999999997846, 0.034714974462985992432
16946.489000000001397, 0.026588996872305870056
16946.703000000001339, 0.035934869199991226196
16946.902000000001863, 0.056350886821746826172
16947.098000000001775, 0.057984873652458190918
16947.29399999999805, 0.047788679599761962891
16947.490999999998166, 0.038153115659952163696
16947.692999999999302, 0.028466267511248588562
16947.901999999998225, 0.03249816596508026123
16948.096000000001368, 0.034752503037452697754
16948.290999999997439, 0.045512091368436813354
16948.492000000002008, 0.11120362579822540283
16948.701000000000931, 0.10227373242378234863
16948.900999999998021, 0.1008203551173210144
16949.102999999999156, 0.11726002395153045654
16949.300999999999476, 0.10996278375387191772
16949.502000000000407, 0.12204651534557342529
16949.685999999997875, 0.12837006151676177979
16949.898000000001048, 0.15000560879707336426
16950.093000000000757, 0.1409588158130645752
16950.290000000000873, 0.13973206281661987305
16950.498999999999796, 0.14331836998462677002
16950.688000000001921, 0.14679256081581115723
16950.903999999998632, 0.14950636029243469238
16951.09400000000096, 0.1383714526891708374
16951.289000000000669, 0.14639046788215637207
16951.490000000001601, 0.14928145706653594971
16951.692999999999302, 0.14842125773429870605
16951.893000000000029, 0.14312559366226196289
16952.102999999999156, 0.14366276562213897705
16952.294000000001688, 0.11751458793878555298
16952.493999999998778, 0.1448014378547668457
16952.703000000001339, 0.126570090651512146
16952.891999999999825, 0.10105154663324356079
16953.09599999999773, 0.097468934953212738037
16953.294999999998254, 0.077972240746021270752
16953.498999999999796, 0.074070751667022705078
16953.704000000001543, 0.069481663405895233154
16953.915000000000873, 0.071996793150901794434
16954.098000000001775, 0.07925395667552947998
16954.299999999999272, 0.10119685530662536621
16954.503000000000611, 0.10636712610721588135
16954.693999999999505, 0.1145494505763053894
16954.88799999999901, 0.11934675276279449463
16955.095000000001164, 0.12151139974594116211
16955.30199999999968, 0.12160571664571762085
16955.501000000000204, 0.125341072678565979
16955.695999999999913, 0.13773289322853088379
16955.898000000001048, 0.13367225229740142822
16956.088999999999942, 0.13215178251266479492
16956.287000000000262, 0.12099161744117736816
16956.503000000000611, 0.14587482810020446777
16956.691999999999098, 0.1447124183177947998
16956.897000000000844, 0.13486303389072418213
16957.092999999997119, 0.12663242220878601074
16957.302999999999884, 0.12239130586385726929
16957.495999999999185, 0.11058067530393600464
16957.702999999997701, 0.10406416654586791992
16957.904999999998836, 0.096129335463047027588
16958.099000000001979, 0.097104884684085845947
16958.297999999998865, 0.091543935239315032959
16958.496999999999389, 0.085012555122375488281
16958.692999999999302, 0.083519101142883300781
16958.902000000001863, 0.078034199774265289307
16959.091999999996915, 0.097728490829467773438
16959.287000000000262, 0.11115133762359619141
16959.502000000000407, 0.10986234992742538452
16959.702000000001135, 0.099150918424129486084
16959.900999999998021, 0.098255567252635955811
16960.093000000000757, 0.11587198078632354736
16960.302000000003318, 0.11126679182052612305
16960.495999999999185, 0.11537578701972961426
16960.695999999999913, 0.10482668131589889526
16960.902999999998428, 0.11717066168785095215
16961.090000000000146, 0.10497405380010604858
16961.302999999999884, 0.11261841654777526855
16961.495000000002619, 0.11496160924434661865
16961.693000000002939, 0.11739989370107650757
16961.890999999999622, 0.11460200697183609009
16962.092000000000553, 0.099669888615608215332
16962.289000000000669, 0.096397250890731811523
16962.503000000000611, 0.10111892968416213989
16962.701999999997497, 0.10506211221218109131
16962.900000000001455, 0.11890005320310592651
16963.091000000000349, 0.1177075803279876709
16963.294000000001688, 0.11158072203397750854
16963.497999999999593, 0.13079507648944854736
16963.691999999999098, 0.10900219529867172241
16963.886000000002241, 0.1192480921745300293
16964.086999999999534, 0.11976580321788787842
16964.292999999997846, 0.11718100309371948242
16964.493999999998778, 0.11569852381944656372
16964.686999999998079, 0.11263761669397354126
16964.888999999999214, 0.12324897944927215576
16965.097000000001572, 0.10943692177534103394
16965.302999999999884, 0.11522803455591201782
16965.497999999999593, 0.10639709234237670898
16965.701000000000931, 0.11847965419292449951
16965.903000000002066, 0.12066070735454559326
16966.093000000000757, 0.11712694913148880005
16966.300999999999476, 0.10065912455320358276
16966.497999999999593, 0.10624514520168304443
16966.691999999999098, 0.098594583570957183838
16966.902999999998428, 0.086249113082885742188
16967.090000000000146, 0.064745217561721801758
16967.287000000000262, 0.072452664375305175781
16967.488000000001193, 0.078387871384620666504
16967.691999999999098, 0.081792764365673065186
16967.897000000000844, 0.092305481433868408203
16968.093000000000757, 0.088648319244384765625
16968.287000000000262, 0.090643346309661865234
16968.496999999999389, 0.094076082110404968262
16968.692999999999302, 0.076976053416728973389
16968.901999999998225, 0.097758337855339050293
16969.092000000000553, 0.092690691351890563965
16969.30199999999968, 0.10386617481708526611
16969.5, 0.10021848231554031372
16969.697000000000116, 0.0973757132887840271
16969.888999999999214, 0.10538855195045471191
16970.10399999999936, 0.11013892292976379395
16970.288000000000466, 0.10641685128211975098
16970.512000000002445, 0.12508772313594818115
16970.697000000000116, 0.13378834724426269531
16970.900000000001455, 0.14676928520202636719
16971.105999999999767, 0.14756509661674499512
16971.292000000001281, 0.14700876176357269287
16971.488000000001193, 0.16064742207527160645
16971.688999999998487, 0.1657657325267791748
16971.901999999998225, 0.16937847435474395752
16972.09400000000096, 0.16449150443077087402
16972.302999999999884, 0.17696274816989898682
16972.492000000002008, 0.16240142285823822021
16972.704000000001543, 0.18139243125915527344
16972.901000000001659, 0.17091950774192810059
16973.091000000000349, 0.15573620796203613281
16973.300999999999476, 0.150493621826171875
16973.494999999998981, 0.14361496269702911377
16973.68999999999869, 0.15088346600532531738
16973.891999999999825, 0.1590856015682220459
16974.092000000000553, 0.16264753043651580811
16974.295000000001892, 0.18686604499816894531
16974.501999999996769, 0.18536122143268585205
16974.691000000002532, 0.1799713820219039917
16974.902000000001863, 0.18484650552272796631
16975.096999999997934, 0.18133153021335601807
16975.30199999999968, 0.18967577815055847168
16975.504000000000815, 0.18298941850662231445
16975.702000000001135, 0.16459819674491882324
16975.889000000002852, 0.1752926558256149292
16976.10200000000259, 0.1596784740686416626
16976.302000000003318, 0.12734265625476837158
16976.5, 0.12386363744735717773
16976.693999999999505, 0.1181754767894744873
16976.905000000002474, 0.1249490007758140564
16977.10200000000259, 0.12062967568635940552
16977.305000000000291, 0.11990474164485931396
16977.506000000001222, 0.13018287718296051025
16977.702000000001135, 0.1235911250114440918
16977.894000000000233, 0.11832883208990097046
16978.088999999999942, 0.11933419108390808105
16978.296999999998661, 0.13312864303588867188
16978.490999999998166, 0.13141582906246185303
16978.693000000002939, 0.12947687506675720215
16978.890999999999622, 0.14581277966499328613
16979.103000000002794, 0.14104913175106048584
16979.297999999998865, 0.12931366264820098877
16979.503000000000611, 0.14088243246078491211
16979.697000000000116, 0.18789106607437133789
16979.891999999999825, 0.18114823102951049805
16980.093000000000757, 0.18329454958438873291
16980.289000000000669, 0.16259594261646270752
16980.492999999998574, 0.16101980209350585938
16980.705999999998312, 0.1563615947961807251
16980.902000000001863, 0.16827099025249481201
16981.093000000000757, 0.17710037529468536377
16981.304000000000087, 0.19015130400657653809
16981.503000000000611, 0.18605889379978179932
16981.688999999998487, 0.18722113966941833496
16981.88799999999901, 0.18349808454513549805
16982.10399999999936, 0.20707173645496368408
16982.30199999999968, 0.18926629424095153809
16982.493999999998778, 0.18544349074363708496
16982.690999999998894, 0.18697920441627502441
16982.893000000000029, 0.17987988889217376709
16983.104999999999563, 0.18016541004180908203
16983.293000000001484, 0.17872290313243865967
16983.504000000000815, 0.19150769710540771484
16983.70600000000195, 0.19449010491371154785
16983.893000000000029, 0.18129496276378631592
16984.097000000001572, 0.18499480187892913818
16984.298000000002503, 0.17018014192581176758
16984.492999999998574, 0.17059215903282165527
16984.701999999997497, 0.17522229254245758057
16984.894000000000233, 0.17006269097328186035
16985.094999999997526, 0.16477699577808380127
16985.302999999999884, 0.16184560954570770264
16985.502000000000407, 0.15160274505615234375
16985.701000000000931, 0.13690276443958282471
16985.908000000003085, 0.15868066251277923584
16986.105999999999767, 0.16428747773170471191
16986.309999999997672, 0.14935478568077087402
16986.496999999999389, 0.13195908069610595703
16986.710999999999331, 0.14315691590309143066
16986.911000000000058, 0.14421123266220092773
16987.099000000001979, 0.14077998697757720947
16987.313000000001921, 0.16174225509166717529
16987.504000000000815, 0.1469281613826751709
16987.701000000000931, 0.15329247713088989258
16987.902000000001863, 0.15556859970092773438
16988.099999999998545, 0.16071133315563201904
16988.300999999999476, 0.16161067783832550049
16988.509999999998399, 0.16653360426425933838
16988.701000000000931, 0.15901368856430053711
16988.906999999999243, 0.1710147559642791748
16989.111000000000786, 0.16582325100898742676
16989.305999999996857, 0.17092804610729217529
16989.51299999999901, 0.17735052108764648438
16989.709000000002561, 0.1868553459644317627
16989.922999999998865, 0.19142000377178192139
16990.122999999999593, 0.19922964274883270264
16990.305000000000291, 0.20039300620555877686
16990.525000000001455, 0.19364203512668609619
16990.722000000001572, 0.1922661513090133667
16990.921999999998661, 0.2056379169225692749
16991.119999999998981, 0.21406443417072296143
16991.32300000000032, 0.21639907360076904297
16991.519000000000233, 0.2019144594669342041
16991.722000000001572, 0.19915431737899780273
16991.91899999999805, 0.19226638972759246826
16992.122999999999593, 0.19808243215084075928
16992.32300000000032, 0.20088186860084533691
16992.52299999999741, 0.17843168973922729492
16992.717000000000553, 0.17427651584148406982
16992.911000000000058, 0.18687203526496887207
16993.109000000000378, 0.17454396188259124756
16993.311000000001513, 0.18686462938785552979
16993.523000000001048, 0.18111906945705413818
16993.705999999998312, 0.1684620976448059082
16993.915000000000873, 0.17334318161010742188
16994.112999999997555, 0.16841894388198852539
16994.322000000000116, 0.16104824841022491455
16994.519000000000233, 0.15156464278697967529
16994.711999999999534, 0.15436831116676330566
16994.919999999998254, 0.1534312516450881958
16995.148000000001048, 0.14615423977375030518
16995.316999999999098, 0.1266025155782699585
16995.519000000000233, 0.15201523900032043457
16995.713999999999942, 0.1632785797119140625
16995.909999999999854, 0.1744314730167388916
16996.122999999999593, 0.17452444136142730713
16996.313000000001921, 0.15551988780498504639
16996.515999999999622, 0.16335302591323852539
16996.70600000000195, 0.15792773663997650146
16996.908000000003085, 0.16398319602012634277
16997.108000000000175, 0.16667973995208740234
16997.32300000000032, 0.17466585338115692139
16997.51299999999901, 0.17841053009033203125
16997.726000000002387, 0.19296254217624664307
16997.921999999998661, 0.20509195327758789063
16998.113000000001193, 0.20533116161823272705
16998.328000000001339, 0.21354614198207855225
16998.519000000000233, 0.21317125856876373291
16998.717000000000553, 0.2158298790454864502
16998.929000000000087, 0.22266042232513427734
16999.125, 0.20129592716693878174
16999.315999999998894, 0.19215135276317596436
16999.528999999998632, 0.20539760589599609375
16999.723000000001775, 0.21352507174015045166
16999.92699999999968, 0.20334105193614959717
17000.118000000002212, 0.20737174153327941895
17000.322000000000116, 0.2034467160701751709
